param,mean,median,0.950_CI_LB,0.950_CI_UB
hi_param_0,0.621801,0.622629,0.543370,0.698386
hi_param_1,0.959191,0.963350,0.897416,0.997231
hi_param_2,0.965273,0.968692,0.916465,0.994891
hi_param_3,0.974831,0.979433,0.924213,0.998812
hi_param_4,0.934910,0.938250,0.868198,0.984006
hi_param_5,0.974029,0.978743,0.924532,0.998472
hi_param_6,0.980953,0.984682,0.941303,0.999004
hi_param_7,0.972441,0.976795,0.921109,0.999032
hi_param_8,0.942762,0.945994,0.880823,0.986718
hi_param_9,0.963291,0.966378,0.913730,0.994690
hi_param_10,0.984702,0.989276,0.944549,0.999560
hi_param_11,0.988529,0.992051,0.958398,0.999671
hi_param_12,0.929902,0.932839,0.861421,0.981214
hi_param_13,0.981413,0.985446,0.940499,0.999382
hi_param_14,0.859255,0.860991,0.791954,0.917477
hi_param_15,0.988560,0.991968,0.958672,0.999736
hi_param_16,0.974971,0.979215,0.926709,0.998730
hi_param_17,0.968090,0.972376,0.912924,0.998595
hi_param_18,0.962624,0.967647,0.900035,0.997694
hi_param_19,0.967935,0.971592,0.916619,0.997672
hi_param_20,0.963928,0.967567,0.910446,0.996522
hi_param_21,0.979847,0.983690,0.939268,0.998911
hi_param_22,0.984335,0.988712,0.945758,0.999601
hi_param_23,0.965963,0.970000,0.914473,0.996734
hi_param_24,0.968918,0.972637,0.920183,0.997090
hi_param_25,0.941130,0.944016,0.879117,0.985217
hi_param_26,0.961094,0.965138,0.906417,0.994665
hi_param_27,0.935432,0.939072,0.863185,0.988212
hi_param_28,0.975195,0.979140,0.928411,0.998741
hi_param_29,0.852246,0.853943,0.776521,0.919557
hi_param_30,0.971069,0.975089,0.922421,0.997917
hi_param_31,0.974148,0.978457,0.925708,0.998856
hi_param_32,0.978693,0.983272,0.933018,0.999294
hi_param_33,0.982075,0.986530,0.941366,0.999341
hi_param_34,0.973151,0.977063,0.927260,0.998135
hi_param_35,0.971736,0.975930,0.921766,0.998168
hi_param_36,0.976830,0.981950,0.925865,0.999139
hi_param_37,0.953610,0.957702,0.887556,0.995589
hi_param_38,0.962612,0.966330,0.906844,0.996953
hi_param_39,0.972179,0.976708,0.919339,0.998843
hi_param_40,0.981294,0.985511,0.939351,0.999360
hi_param_41,0.950190,0.954127,0.887518,0.991288
hi_param_42,0.894863,0.897299,0.818078,0.958646
hi_param_43,0.784472,0.786068,0.710191,0.852541
hi_param_44,0.974307,0.977899,0.928478,0.998188
hi_param_45,0.943752,0.946755,0.878610,0.990663
hi_param_46,0.978667,0.983066,0.933868,0.999336
hi_param_47,0.984944,0.989089,0.947970,0.999573
hi_param_48,0.936781,0.939801,0.873346,0.982400
hi_param_49,0.977229,0.980874,0.935795,0.998660
hi_param_50,0.952971,0.956699,0.887615,0.995551
hi_param_51,0.976955,0.981400,0.930353,0.999060
hi_param_52,0.962592,0.966871,0.907457,0.995412
hi_param_53,0.937983,0.940696,0.870994,0.987064
hi_param_54,0.940917,0.943934,0.875273,0.989147
hi_param_55,0.974326,0.978442,0.928050,0.998065
hi_param_56,0.969695,0.973521,0.919764,0.997774
hi_param_57,0.988687,0.992124,0.959391,0.999721
hi_param_58,0.933649,0.936716,0.869559,0.979566
hi_param_59,0.985099,0.989300,0.948430,0.999606
hi_param_60,0.971661,0.976502,0.918403,0.998901
hi_param_61,0.964037,0.968092,0.908285,0.995823
hi_param_62,0.978246,0.982563,0.932497,0.999256
hi_param_63,0.932716,0.936018,0.865196,0.982824
hi_param_64,0.972180,0.976492,0.922476,0.998727
hi_param_65,0.961878,0.965508,0.912042,0.991938
hi_param_66,0.930548,0.933092,0.867494,0.977546
hi_param_67,0.915875,0.918719,0.846752,0.969600
hi_param_68,0.977820,0.981154,0.938086,0.998493
hi_param_69,0.960238,0.964275,0.900365,0.996743
hi_param_70,0.984388,0.989157,0.945446,0.999456
hi_param_71,0.978307,0.982501,0.933708,0.999113
hi_param_72,0.968982,0.973139,0.917416,0.997574
hi_param_73,0.967337,0.971803,0.912356,0.997286
hi_param_74,0.956623,0.960210,0.895498,0.996524
hi_param_75,0.971053,0.976053,0.914975,0.998794
hi_param_76,0.972380,0.975966,0.927500,0.997354
hi_param_77,0.909609,0.911767,0.837240,0.969392
hi_param_78,0.977932,0.983113,0.928737,0.999335
hi_param_79,0.978258,0.982448,0.934167,0.999103
hi_param_80,0.961881,0.966241,0.905715,0.994614
hi_param_81,0.946414,0.949870,0.884382,0.989161
hi_param_82,0.939926,0.943133,0.876517,0.984856
hi_param_83,0.984066,0.988302,0.944536,0.999574
hi_param_84,0.968693,0.972836,0.917350,0.997213
hi_param_85,0.871802,0.873559,0.791083,0.940807
hi_param_86,0.981860,0.986577,0.938646,0.999412
hi_param_87,0.129132,0.127725,0.057048,0.210814
hi_param_88,0.329876,0.328684,0.266627,0.400259
hi_param_89,0.460757,0.460555,0.384106,0.537476
hi_param_90,0.164282,0.163990,0.083432,0.248242
hi_param_91,0.138119,0.137568,0.059858,0.220691
hi_param_92,0.352357,0.351788,0.282524,0.424832
hi_param_93,0.154035,0.152485,0.067402,0.247743
hi_param_94,0.190788,0.190422,0.111640,0.272667
hi_param_95,0.144435,0.143831,0.061239,0.230567
hi_param_96,0.128097,0.126870,0.040507,0.220624
hi_param_97,0.461793,0.461077,0.385097,0.541041
hi_param_98,0.126376,0.123873,0.056046,0.208518
hi_param_99,0.143096,0.142118,0.065941,0.226007
hi_param_100,0.183977,0.183663,0.106666,0.262756
hi_param_101,0.168816,0.168572,0.087703,0.254093
hi_param_102,0.197127,0.197041,0.116062,0.281517
hi_param_103,0.115219,0.114047,0.035660,0.202041
hi_param_104,0.070586,0.066770,0.011987,0.151828
hi_param_105,0.219725,0.219156,0.139386,0.301773
hi_param_106,0.193387,0.192678,0.114389,0.276813
hi_param_107,0.126224,0.124437,0.046589,0.214852
hi_param_108,0.159006,0.158036,0.074782,0.247420
hi_param_109,0.245490,0.244963,0.164486,0.328659
hi_param_110,0.182443,0.181828,0.103279,0.265929
hi_param_111,0.153136,0.153040,0.066214,0.244058
hi_param_112,0.176358,0.175859,0.098693,0.258063
hi_param_113,0.168534,0.167967,0.089598,0.254078
hi_param_114,0.430183,0.429403,0.356908,0.506952
hi_param_115,0.248276,0.248914,0.166527,0.323025
hi_param_116,0.115176,0.113356,0.035435,0.206042
hi_param_117,0.202533,0.201922,0.122353,0.283661
hi_param_118,0.225665,0.228617,0.132120,0.304947
hi_param_119,0.182564,0.182276,0.100349,0.266226
hi_param_120,0.155912,0.154596,0.070241,0.247478
hi_param_121,0.297088,0.296639,0.216019,0.381907
hi_param_122,0.206300,0.205511,0.128167,0.289470
hi_param_123,0.116404,0.115010,0.035089,0.205191
hi_param_124,0.180839,0.180393,0.099133,0.265562
hi_param_125,0.089045,0.086251,0.018768,0.172420
hi_param_126,0.117253,0.116116,0.033994,0.206502
hi_param_127,0.179353,0.178855,0.093122,0.267440
hi_param_128,0.246756,0.246119,0.169657,0.326683
hi_param_129,0.271894,0.271001,0.200939,0.345774
hi_param_130,0.222501,0.222377,0.144843,0.298957
hi_param_131,0.102029,0.100174,0.030610,0.182775
hi_param_132,0.126313,0.124543,0.047412,0.214723
hi_param_133,0.281272,0.280959,0.199735,0.366419
hi_param_134,0.211501,0.213904,0.118147,0.298923
hi_param_135,0.244973,0.245077,0.165085,0.325440
hi_param_136,0.164537,0.163776,0.085962,0.247745
hi_param_137,0.153341,0.152700,0.070993,0.239141
hi_param_138,0.112608,0.110557,0.038226,0.199403
hi_param_139,0.141499,0.139501,0.067917,0.226192
hi_param_140,0.146744,0.145524,0.075397,0.224480
hi_param_141,0.306209,0.305481,0.228619,0.387711
hi_param_142,0.144909,0.143679,0.068166,0.228109
hi_param_143,0.426090,0.425071,0.353560,0.501194
hi_param_144,0.174348,0.174296,0.090841,0.258366
hi_param_145,0.170344,0.170470,0.086791,0.255562
hi_param_146,0.131977,0.130962,0.045665,0.221539
hi_param_147,0.133422,0.131702,0.055546,0.218458
hi_param_148,0.134520,0.133766,0.053576,0.220793
hi_param_149,0.273802,0.272721,0.216139,0.337588
hi_param_150,0.113683,0.111839,0.035521,0.202577
hi_param_151,0.083835,0.081038,0.018337,0.165740
hi_param_152,0.124708,0.122984,0.053227,0.205037
hi_param_153,0.166597,0.165861,0.085934,0.249536
hi_param_154,0.223079,0.222262,0.148154,0.303013
hi_param_155,0.160707,0.160020,0.078064,0.249693
hi_param_156,0.132517,0.131053,0.055759,0.218918
hi_param_157,0.175008,0.174300,0.097698,0.256244
hi_param_158,0.208942,0.209465,0.128549,0.287030
hi_param_159,0.147924,0.146424,0.067591,0.233563
hi_param_160,0.208308,0.208024,0.124869,0.295217
hi_param_161,0.156393,0.155686,0.079869,0.237668
hi_param_162,0.251499,0.251415,0.172980,0.333598
